# Camera intrinsics produced by scripts/calibrate_camera.py.
# Distortion model: rational
# Image size: 324x244 (width x height)
# RMS reprojection error: 1.4466 px
camera_matrix:
- - 171.7355296321026
  - 0.0
  - 168.73304567903253
- - 0.0
  - 176.9930594045855
  - 171.01704078776297
- - 0.0
  - 0.0
  - 1.0
dist_coeffs:
- -10.388704624325944
- 53.92593133281507
- -0.0007482204104630445
- -0.03829634130267098
- 119.19690558815407
- -10.147501637612976
- 52.63360586117321
- 136.00207193003615
- 0.0
- 0.0
- 0.0
- 0.0
- 0.0
- 0.0
