# Camera intrinsics produced by scripts/calibrate_camera.py.
# Distortion model: rational
# Image size: 324x244 (width x height)
# RMS reprojection error: 0.1878 px
camera_matrix:
  - - 179.78192181863622
    - 0.0
    - 159.2843545991347
  - - 0.0
    - 179.77166151638147
    - 162.14896859807894
  - - 0.0
    - 0.0
    - 1.0
dist_coeffs:
  - -4.114486439714919
  - 23.53299420446013
  - -0.0006392895570864614
  - -0.001170167433019994
  - -1.3645924699052978
  - -3.9957007918490395
  - 23.066979233377538
  - 0.8629918418291062
  - 0.0
  - 0.0
  - 0.0
  - 0.0
  - 0.0
  - 0.0

webots:
  camera_matrix:
    - - 170.7
      - 0.0
      - 162.0
    - - 0.0
      - 170.7
      - 122.0
    - - 0.0
      - 0.0
      - 1.0
  dist_coeffs:
    - 0.0
    - 0.0
    - 0.0
    - 0.0
    - 0.0
